0.000 0.000 0.000 0.000
0.000 0.000 1.000 0.000
1.000 0.000 0.000 -0.203
1.000 0.000 1.000 0.278
1.000 1.000 0.000 -0.117
1.000 1.000 1.000 0.273
1.000 2.000 0.000 -0.062
1.000 2.000 1.000 0.258
1.000 3.000 0.000 -0.036
1.000 3.000 1.000 0.269
1.000 4.000 0.000 0.004
1.000 4.000 1.000 0.274
1.000 5.000 0.000 0.060
1.000 5.000 1.000 0.263
1.000 6.000 0.000 0.123
1.000 6.000 1.000 0.284
1.000 7.000 0.000 0.146
1.000 7.000 1.000 0.267
1.000 8.000 0.000 0.215
1.000 8.000 1.000 0.273
1.000 9.000 0.000 0.271
1.000 9.000 1.000 0.250
1.000 10.000 0.000 0.343
1.000 10.000 1.000 0.286
1.000 11.000 0.000 0.359
1.000 11.000 1.000 0.224
1.000 12.000 0.000 0.275
1.000 12.000 1.000 0.201
1.000 13.000 0.000 0.185
1.000 13.000 1.000 0.239
1.000 14.000 0.000 0.077
1.000 14.000 1.000 0.286
1.000 15.000 0.000 -0.120
1.000 15.000 1.000 0.259
1.000 16.000 0.000 -0.130
1.000 16.000 1.000 0.293
1.000 17.000 0.000 -0.241
1.000 17.000 1.000 0.341
1.000 18.000 0.000 -0.296
1.000 18.000 1.000 0.556
1.000 19.000 0.000 -0.246
1.000 19.000 1.000 0.712
1.000 20.000 0.000 -0.469
1.000 20.000 1.000 0.842
1.000 21.000 0.000 -0.492
1.000 21.000 1.000 0.953
2.000 0.000 0.000 -0.237
2.000 0.000 1.000 0.188
2.000 1.000 0.000 -0.131
2.000 1.000 1.000 0.191
2.000 2.000 0.000 -0.097
2.000 2.000 1.000 0.213
2.000 3.000 0.000 -0.079
2.000 3.000 1.000 0.198
2.000 4.000 0.000 -0.014
2.000 4.000 1.000 0.211
2.000 5.000 0.000 0.019
2.000 5.000 1.000 0.190
2.000 6.000 0.000 0.051
2.000 6.000 1.000 0.214
2.000 7.000 0.000 0.099
2.000 7.000 1.000 0.222
2.000 8.000 0.000 0.129
2.000 8.000 1.000 0.189
2.000 9.000 0.000 0.214
2.000 9.000 1.000 0.200
2.000 10.000 0.000 0.283
2.000 10.000 1.000 0.204
2.000 11.000 0.000 0.299
2.000 11.000 1.000 0.200
2.000 12.000 0.000 0.248
2.000 12.000 1.000 0.204
2.000 13.000 0.000 0.144
2.000 13.000 1.000 0.224
2.000 14.000 0.000 0.025
2.000 14.000 1.000 0.205
2.000 15.000 0.000 0.022
2.000 15.000 1.000 0.202
2.000 16.000 0.000 -0.148
2.000 16.000 1.000 0.185
2.000 17.000 0.000 -0.148
2.000 17.000 1.000 0.307
2.000 18.000 0.000 -0.339
2.000 18.000 1.000 0.465
2.000 19.000 0.000 -0.291
2.000 19.000 1.000 0.669
2.000 20.000 0.000 -0.388
2.000 20.000 1.000 0.834
2.000 21.000 0.000 -0.662
2.000 21.000 1.000 0.934
3.000 0.000 0.000 -0.277
3.000 0.000 1.000 0.138
3.000 1.000 0.000 -0.183
3.000 1.000 1.000 0.146
3.000 2.000 0.000 -0.136
3.000 2.000 1.000 0.174
3.000 3.000 0.000 -0.100
3.000 3.000 1.000 0.170
3.000 4.000 0.000 -0.069
3.000 4.000 1.000 0.145
3.000 5.000 0.000 -0.035
3.000 5.000 1.000 0.142
3.000 6.000 0.000 0.022
3.000 6.000 1.000 0.158
3.000 7.000 0.000 0.046
3.000 7.000 1.000 0.164
3.000 8.000 0.000 0.081
3.000 8.000 1.000 0.154
3.000 9.000 0.000 0.176
3.000 9.000 1.000 0.144
3.000 10.000 0.000 0.244
3.000 10.000 1.000 0.140
3.000 11.000 0.000 0.269
3.000 11.000 1.000 0.159
3.000 12.000 0.000 0.218
3.000 12.000 1.000 0.128
3.000 13.000 0.000 0.043
3.000 13.000 1.000 0.098
3.000 14.000 0.000 -0.038
3.000 14.000 1.000 0.147
3.000 15.000 0.000 0.107
3.000 15.000 1.000 0.152
3.000 16.000 0.000 -0.134
3.000 16.000 1.000 0.141
3.000 17.000 0.000 -0.204
3.000 17.000 1.000 0.226
3.000 18.000 0.000 -0.290
3.000 18.000 1.000 0.451
3.000 19.000 0.000 -0.363
3.000 19.000 1.000 0.630
3.000 20.000 0.000 -0.326
3.000 20.000 1.000 0.777
3.000 21.000 0.000 -0.586
3.000 21.000 1.000 0.955
4.000 0.000 0.000 -0.362
4.000 0.000 1.000 0.137
4.000 1.000 0.000 -0.219
4.000 1.000 1.000 0.108
4.000 2.000 0.000 -0.175
4.000 2.000 1.000 0.098
4.000 3.000 0.000 -0.149
4.000 3.000 1.000 0.100
4.000 4.000 0.000 -0.089
4.000 4.000 1.000 0.094
4.000 5.000 0.000 -0.079
4.000 5.000 1.000 0.094
4.000 6.000 0.000 -0.012
4.000 6.000 1.000 0.093
4.000 7.000 0.000 -0.010
4.000 7.000 1.000 0.108
4.000 8.000 0.000 0.064
4.000 8.000 1.000 0.088
4.000 9.000 0.000 0.134
4.000 9.000 1.000 0.087
4.000 10.000 0.000 0.217
4.000 10.000 1.000 0.092
4.000 11.000 0.000 0.234
4.000 11.000 1.000 0.110
4.000 12.000 0.000 0.207
4.000 12.000 1.000 0.074
4.000 13.000 0.000 0.041
4.000 13.000 1.000 0.093
4.000 14.000 0.000 0.012
4.000 14.000 1.000 0.099
4.000 15.000 0.000 -0.127
4.000 15.000 1.000 0.139
4.000 16.000 0.000 -0.047
4.000 16.000 1.000 0.110
4.000 17.000 0.000 -0.259
4.000 17.000 1.000 0.209
4.000 18.000 0.000 -0.325
4.000 18.000 1.000 0.439
4.000 19.000 0.000 -0.250
4.000 19.000 1.000 0.630
4.000 20.000 0.000 -0.398
4.000 20.000 1.000 0.795
4.000 21.000 0.000 -0.731
4.000 21.000 1.000 0.954
5.000 0.000 0.000 -0.308
5.000 0.000 1.000 0.044
5.000 1.000 0.000 -0.255
5.000 1.000 1.000 0.052
5.000 2.000 0.000 -0.193
5.000 2.000 1.000 0.028
5.000 3.000 0.000 -0.166
5.000 3.000 1.000 0.054
5.000 4.000 0.000 -0.162
5.000 4.000 1.000 0.054
5.000 5.000 0.000 -0.090
5.000 5.000 1.000 0.053
5.000 6.000 0.000 -0.064
5.000 6.000 1.000 0.057
5.000 7.000 0.000 -0.045
5.000 7.000 1.000 0.082
5.000 8.000 0.000 0.034
5.000 8.000 1.000 0.066
5.000 9.000 0.000 0.105
5.000 9.000 1.000 0.062
5.000 10.000 0.000 0.161
5.000 10.000 1.000 0.043
5.000 11.000 0.000 0.208
5.000 11.000 1.000 0.074
5.000 12.000 0.000 0.159
5.000 12.000 1.000 0.068
5.000 13.000 0.000 -0.051
5.000 13.000 1.000 0.046
5.000 14.000 0.000 0.017
5.000 14.000 1.000 -0.165
5.000 15.000 0.000 -0.078
5.000 15.000 1.000 0.088
5.000 16.000 0.000 -0.091
5.000 16.000 1.000 0.027
5.000 17.000 0.000 -0.242
5.000 17.000 1.000 0.154
5.000 18.000 0.000 -0.271
5.000 18.000 1.000 0.398
5.000 19.000 0.000 -0.410
5.000 19.000 1.000 0.603
5.000 20.000 0.000 -0.606
5.000 20.000 1.000 0.777
5.000 21.000 0.000 -0.629
5.000 21.000 1.000 0.931
6.000 0.000 0.000 -0.333
6.000 0.000 1.000 0.002
6.000 1.000 0.000 -0.274
6.000 1.000 1.000 0.024
6.000 2.000 0.000 -0.242
6.000 2.000 1.000 0.020
6.000 3.000 0.000 -0.171
6.000 3.000 1.000 0.001
6.000 4.000 0.000 -0.170
6.000 4.000 1.000 0.044
6.000 5.000 0.000 -0.129
6.000 5.000 1.000 0.030
6.000 6.000 0.000 -0.091
6.000 6.000 1.000 0.012
6.000 7.000 0.000 -0.033
6.000 7.000 1.000 0.008
6.000 8.000 0.000 -0.017
6.000 8.000 1.000 -0.010
6.000 9.000 0.000 0.069
6.000 9.000 1.000 0.021
6.000 10.000 0.000 0.134
6.000 10.000 1.000 0.043
6.000 11.000 0.000 0.182
6.000 11.000 1.000 -0.005
6.000 12.000 0.000 0.135
6.000 12.000 1.000 0.005
6.000 13.000 0.000 0.042
6.000 13.000 1.000 0.012
6.000 14.000 0.000 -0.029
6.000 14.000 1.000 0.028
6.000 15.000 0.000 -0.166
6.000 15.000 1.000 0.013
6.000 16.000 0.000 -0.287
6.000 16.000 1.000 0.035
6.000 17.000 0.000 -0.209
6.000 17.000 1.000 0.136
6.000 18.000 0.000 -0.351
6.000 18.000 1.000 0.369
6.000 19.000 0.000 -0.555
6.000 19.000 1.000 0.590
6.000 20.000 0.000 -0.569
6.000 20.000 1.000 0.768
6.000 21.000 0.000 -0.859
6.000 21.000 1.000 0.932
7.000 0.000 0.000 -0.461
7.000 0.000 1.000 -0.049
7.000 1.000 0.000 -0.337
7.000 1.000 1.000 -0.076
7.000 2.000 0.000 -0.297
7.000 2.000 1.000 -0.058
7.000 3.000 0.000 -0.254
7.000 3.000 1.000 -0.078
7.000 4.000 0.000 -0.217
7.000 4.000 1.000 -0.084
7.000 5.000 0.000 -0.222
7.000 5.000 1.000 -0.071
7.000 6.000 0.000 -0.163
7.000 6.000 1.000 -0.071
7.000 7.000 0.000 -0.120
7.000 7.000 1.000 -0.065
7.000 8.000 0.000 -0.061
7.000 8.000 1.000 -0.072
7.000 9.000 0.000 -0.006
7.000 9.000 1.000 -0.096
7.000 10.000 0.000 0.089
7.000 10.000 1.000 -0.079
7.000 11.000 0.000 0.138
7.000 11.000 1.000 -0.173
7.000 12.000 0.000 0.076
7.000 12.000 1.000 -0.112
7.000 13.000 0.000 0.017
7.000 13.000 1.000 -0.071
7.000 14.000 0.000 -0.172
7.000 14.000 1.000 -0.102
7.000 15.000 0.000 -0.176
7.000 15.000 1.000 -0.071
7.000 16.000 0.000 -0.193
7.000 16.000 1.000 -0.092
7.000 17.000 0.000 -0.252
7.000 17.000 1.000 0.113
7.000 18.000 0.000 -0.421
7.000 18.000 1.000 0.377
7.000 19.000 0.000 -0.576
7.000 19.000 1.000 0.569
7.000 20.000 0.000 -0.476
7.000 20.000 1.000 0.797
7.000 21.000 0.000 -0.753
7.000 21.000 1.000 0.925
8.000 0.000 0.000 -0.525
8.000 0.000 1.000 -0.186
8.000 1.000 0.000 -0.394
8.000 1.000 1.000 -0.170
8.000 2.000 0.000 -0.348
8.000 2.000 1.000 -0.163
8.000 3.000 0.000 -0.324
8.000 3.000 1.000 -0.175
8.000 4.000 0.000 -0.262
8.000 4.000 1.000 -0.158
8.000 5.000 0.000 -0.230
8.000 5.000 1.000 -0.173
8.000 6.000 0.000 -0.214
8.000 6.000 1.000 -0.173
8.000 7.000 0.000 -0.188
8.000 7.000 1.000 -0.158
8.000 8.000 0.000 -0.111
8.000 8.000 1.000 -0.180
8.000 9.000 0.000 -0.056
8.000 9.000 1.000 -0.175
8.000 10.000 0.000 0.024
8.000 10.000 1.000 -0.167
8.000 11.000 0.000 0.078
8.000 11.000 1.000 -0.251
8.000 12.000 0.000 0.010
8.000 12.000 1.000 -0.152
8.000 13.000 0.000 -0.014
8.000 13.000 1.000 -0.260
8.000 14.000 0.000 -0.107
8.000 14.000 1.000 -0.181
8.000 15.000 0.000 -0.233
8.000 15.000 1.000 -0.160
8.000 16.000 0.000 -0.289
8.000 16.000 1.000 -0.168
8.000 17.000 0.000 -0.236
8.000 17.000 1.000 0.018
8.000 18.000 0.000 -0.459
8.000 18.000 1.000 0.336
8.000 19.000 0.000 -0.393
8.000 19.000 1.000 0.606
8.000 20.000 0.000 -0.536
8.000 20.000 1.000 0.748
8.000 21.000 0.000 -0.552
8.000 21.000 1.000 0.926
9.000 0.000 0.000 -0.456
9.000 0.000 1.000 -0.239
9.000 1.000 0.000 -0.429
9.000 1.000 1.000 -0.261
9.000 2.000 0.000 -0.384
9.000 2.000 1.000 -0.247
9.000 3.000 0.000 -0.361
9.000 3.000 1.000 -0.264
9.000 4.000 0.000 -0.322
9.000 4.000 1.000 -0.244
9.000 5.000 0.000 -0.282
9.000 5.000 1.000 -0.288
9.000 6.000 0.000 -0.289
9.000 6.000 1.000 -0.242
9.000 7.000 0.000 -0.245
9.000 7.000 1.000 -0.277
9.000 8.000 0.000 -0.162
9.000 8.000 1.000 -0.249
9.000 9.000 0.000 -0.115
9.000 9.000 1.000 -0.251
9.000 10.000 0.000 -0.030
9.000 10.000 1.000 -0.258
9.000 11.000 0.000 -0.000
9.000 11.000 1.000 -0.361
9.000 12.000 0.000 -0.032
9.000 12.000 1.000 -0.205
9.000 13.000 0.000 -0.097
9.000 13.000 1.000 -0.222
9.000 14.000 0.000 -0.121
9.000 14.000 1.000 -0.258
9.000 15.000 0.000 -0.170
9.000 15.000 1.000 -0.298
9.000 16.000 0.000 -0.290
9.000 16.000 1.000 -0.262
9.000 17.000 0.000 -0.254
9.000 17.000 1.000 -0.089
9.000 18.000 0.000 -0.320
9.000 18.000 1.000 0.239
9.000 19.000 0.000 -0.431
9.000 19.000 1.000 0.551
9.000 20.000 0.000 -0.649
9.000 20.000 1.000 0.791
9.000 21.000 0.000 -0.610
9.000 21.000 1.000 0.932
10.000 0.000 0.000 -0.568
10.000 0.000 1.000 -0.316
10.000 1.000 0.000 -0.479
10.000 1.000 1.000 -0.350
10.000 2.000 0.000 -0.436
10.000 2.000 1.000 -0.341
10.000 3.000 0.000 -0.414
10.000 3.000 1.000 -0.323
10.000 4.000 0.000 -0.387
10.000 4.000 1.000 -0.340
10.000 5.000 0.000 -0.349
10.000 5.000 1.000 -0.349
10.000 6.000 0.000 -0.319
10.000 6.000 1.000 -0.358
10.000 7.000 0.000 -0.287
10.000 7.000 1.000 -0.346
10.000 8.000 0.000 -0.242
10.000 8.000 1.000 -0.315
10.000 9.000 0.000 -0.182
10.000 9.000 1.000 -0.318
10.000 10.000 0.000 -0.111
10.000 10.000 1.000 -0.331
10.000 11.000 0.000 -0.042
10.000 11.000 1.000 -0.372
10.000 12.000 0.000 -0.081
10.000 12.000 1.000 -0.325
10.000 13.000 0.000 -0.141
10.000 13.000 1.000 -0.258
10.000 14.000 0.000 -0.178
10.000 14.000 1.000 -0.386
10.000 15.000 0.000 -0.219
10.000 15.000 1.000 -0.417
10.000 16.000 0.000 -0.260
10.000 16.000 1.000 -0.474
10.000 17.000 0.000 -0.373
10.000 17.000 1.000 -0.191
10.000 18.000 0.000 -0.450
10.000 18.000 1.000 0.148
10.000 19.000 0.000 -0.455
10.000 19.000 1.000 0.454
10.000 20.000 0.000 -0.524
10.000 20.000 1.000 0.712
10.000 21.000 0.000 -0.765
10.000 21.000 1.000 0.935
